cc
1
0.8638613861386139
-0.07216643676341952
cc
2
0.7141089108910891
-0.1296655199087671
cc
3
0.6921410891089109
-0.24420617403264366
cc
4
0.3903345724907063
-0.2334369623954778
rts
1
0.9030514939605848
-0.07907382403085342
rts
2
0.6274634456452638
-0.14905288306879047
rts
3
0.778766687857597
-0.210250691496666
rts
4
0.4507310870947235
-0.43420737631356626
dfe
1
0.6580623533355682
-0.16506295448555322
dfe
2
0.8541736506872276
-0.13262037652239217
dfe
3
0.8129399932953403
-0.17969417688693304
dfe
4
0.3741200134093195
-0.3094669997802889
